0.25	45.4053501806452	0.040341441547326
0.5	45.4301337548387	0.04035244981741
0.75	45.4274443612903	0.040351255398471
1	45.4006865677419	0.040339369746341
1.25	45.4038028645161	0.040340754166932
1.5	45.4052703354839	0.040341406077163
1.75	45.4214660387097	0.040348600167015
2	45.4283058193548	0.04035163799483
2.25	45.4975096129032	0.040382361391746
2.5	45.5077228903226	0.040386893652082
2.75	45.4064633032258	0.040341936034145
3	45.4639154451613	0.040367450000462
3.25	45.4958555612903	0.040381627339293
3.5	45.4845235870968	0.04037659795748
3.75	45.4326175483871	0.040353552893457
4	45.460244683871		0.040365820331498
4.25	45.4898439870968	0.040378959347171
4.5	45.4424071483871	0.040357900253177
4.75	45.4233171741936	0.040349422354969
5	45.5071793935484	0.040386652481897
5.25	45.4586032774194	0.040365091592394
5.5	45.4282238451613	0.040351601588074
5.75	45.4477612258065	0.040360277690594
6	45.3444951741936	0.040314398458732
6.25	45.4249318967742	0.04035013952567
6.5	45.4685301290323	0.040369498639387
6.75	45.4735892516129	0.040371744462605
7	45.4451041935484	0.040359097873104
7.25	45.4877137548387	0.040378013888127
7.5	45.4841723870968	0.040376442077112
7.75	45.4743226709677	0.040372070028498
8	45.4775606709677	0.040373507349915
8.25	45.3868022322581	0.040333201027179
8.5	45.4775954193549	0.040373522774159
8.75	45.3665995225807	0.040324223410264
9	45.3639332258065	0.040323038420341
9.25	45.346695883871		0.040315376738565
9.5	45.3947939612903	0.040336751815183
9.75	45.4012318709677	0.040339612001734
10	45.3267296645161	0.040306500300449
10.25	45.4190222580645	0.040347514728091
10.5	45.3540684387097	0.040318653881917
10.75	45.4181618709677	0.040347132568329
11	45.3668700387097	0.040324343634578
11.25	45.3894780903226	0.040334389966752
11.5	45.3173109806452	0.040302312331113
11.75	45.3424381806452	0.040313484043457
12	45.3374324645161	0.040311258717303
12.25	45.3914523225806	0.040335267136873
12.5	45.328399883871		0.040307242909471
12.75	45.3191831354839	0.040303144809786
13	45.3460690967742	0.040315098115782
13.25	45.2667809290323	0.040279836969302
13.5	45.2805895354839	0.040285980171822
13.75	45.3313636129032	0.040308560602063
14	45.2658516903226	0.040279423533941
14.25	45.2747190967742	0.040283368632909
14.5	45.2717217935484	0.040282035179366
14.75	45.2559025032258	0.040274996691975
15	45.2915017032258	0.040290834137901
15.25	45.2916409806452	0.040290896087702
15.5	45.2787445548387	0.040285159427088
15.75	45.2503224903226	0.040272513679631
16	45.2706384903226	0.040281553223766
16.25	45.3462807354839	0.040315192194779
16.5	45.2848674193548	0.040287883135944
16.75	45.2371693935484	0.040266660165896
17	45.2632363870968	0.040278259914745
17.25	45.256703316129		0.040275353027751
17.5	45.2698065548387	0.040281183096366
17.75	45.3237605935484	0.040305180165282
18	45.3358059096774	0.040310535594516
18.25	45.3115228129032	0.040299738436189
18.5	45.287272516129		0.040288952974245
18.75	45.2896165677419	0.040289995631022
19	45.3080937548387	0.040298213517701
19.25	45.3348630967742	0.040310116439172
19.5	45.3012474967742	0.040295168781437
19.75	45.2794637032258	0.040285479344222
20	45.3721093032258	0.040326672027557
20.25	45.3521220387097	0.040317788721716
20.5	45.3401281935484	0.040312457137783
20.75	45.3961141677419	0.0403373383632
21	45.2962920774194	0.040292964814314
21.25	45.3211109419355	0.040304002016723
21.5	45.3713108645161	0.04032631720035
21.75	45.3148463096774	0.040301216356003
22	45.3843662193548	0.040332118625339
22.25	45.4451623225806	0.040359123684845
22.5	45.3298544258065	0.040307889613358
22.75	45.3290060129032	0.04030751240176
23	45.3814959225807	0.0403308432194
23.25	45.256278		0.040275163776257
23.5	45.4276581935484	0.040351350367383
23.75	45.3429843354839	0.040313726832982
24	45.361238516129		0.040321840767406
